{
  "oldParams": true,
  "wave_type": 3,
  "p_env_attack": -0.2903352261311171,
  "p_env_sustain": 0.6377659089151234,
  "p_env_punch": 0.02137557897237531,
  "p_env_decay": 0.5295646052748086,
  "p_base_freq": 0.11633297834648522,
  "p_freq_limit": 0,
  "p_freq_ramp": -0.0360763775969114,
  "p_freq_dramp": -0.11240165738848237,
  "p_vib_strength": -0.8295698874411721,
  "p_vib_speed": -0.45035692771622005,
  "p_arp_mod": 0.363119667998538,
  "p_arp_speed": -0.3776139677971515,
  "p_duty": 0.782466076545457,
  "p_duty_ramp": -0.011499739735720554,
  "p_repeat_speed": 0.3082652013146343,
  "p_pha_offset": 0.0000010815656830315908,
  "p_pha_ramp": 0.2597787115022121,
  "p_lpf_freq": 0.9422908897099749,
  "p_lpf_ramp": 0.034501404924532374,
  "p_lpf_resonance": -0.2826023783341909,
  "p_hpf_freq": 0.3508371107177969,
  "p_hpf_ramp": 0.6064254945812745,
  "sound_vol": 0.25,
  "sample_rate": 44100,
  "sample_size": 8
}