{
  "oldParams": true,
  "wave_type": 0,
  "p_env_attack": -0.06360704584081633,
  "p_env_sustain": 0.29018121096585076,
  "p_env_punch": 0.37766632504011927,
  "p_env_decay": 0.8611746785993031,
  "p_base_freq": 0.16105078423011485,
  "p_freq_limit": 0,
  "p_freq_ramp": 0.18793558308889508,
  "p_freq_dramp": -0.4330788455569244,
  "p_vib_strength": 0.0014828747327696962,
  "p_vib_speed": 0.76032325793657,
  "p_arp_mod": 0.18106752814200533,
  "p_arp_speed": 0.16123793630382188,
  "p_duty": 0.5417778509988476,
  "p_duty_ramp": 0.0013134988380671033,
  "p_repeat_speed": -0.48141278963921286,
  "p_pha_offset": -0.5624389106443615,
  "p_pha_ramp": -0.14297756673192236,
  "p_lpf_freq": 0.4194674891657104,
  "p_lpf_ramp": -0.9677548530870947,
  "p_lpf_resonance": 0.47856845693884864,
  "p_hpf_freq": 0.4206206775327437,
  "p_hpf_ramp": -0.00008306584858419531,
  "sound_vol": 0.25,
  "sample_rate": 44100,
  "sample_size": 8
}