{
  "oldParams": true,
  "wave_type": 2,
  "p_env_attack": -0.05039932029481249,
  "p_env_sustain": 0.39526497089564405,
  "p_env_punch": 0.24981989881266137,
  "p_env_decay": -0.2486718356177361,
  "p_base_freq": 0.5009485744374337,
  "p_freq_limit": 0,
  "p_freq_ramp": -0.0015754657183816958,
  "p_freq_dramp": 0.11287385997079803,
  "p_vib_strength": -0.04874699441585556,
  "p_vib_speed": 0.17101631475002232,
  "p_arp_mod": 0.42523749750497153,
  "p_arp_speed": -0.3015509019803848,
  "p_duty": 0.7230043985135906,
  "p_duty_ramp": 0.044613236318874865,
  "p_repeat_speed": 0.4471698118891494,
  "p_pha_offset": 0.016232928610916568,
  "p_pha_ramp": -0.1770291166565415,
  "p_lpf_freq": 0.4621551982160078,
  "p_lpf_ramp": -0.023478992938860403,
  "p_lpf_resonance": 0.4380333534641072,
  "p_hpf_freq": 0.4082022051060683,
  "p_hpf_ramp": -0.5918849918334577,
  "sound_vol": 0.25,
  "sample_rate": 44100,
  "sample_size": 8
}