{
  "oldParams": true,
  "wave_type": 0,
  "p_env_attack": 0.10897612879396784,
  "p_env_sustain": 0.46747691138396946,
  "p_env_punch": 0.32911441366555483,
  "p_env_decay": 0.2746610421555534,
  "p_base_freq": 0.11708435860094157,
  "p_freq_limit": 0,
  "p_freq_ramp": -7.138096904754093e-8,
  "p_freq_dramp": -0.2529157760660104,
  "p_vib_strength": 0.5431252409644959,
  "p_vib_speed": -0.5616065259317438,
  "p_arp_mod": -0.019389791989733673,
  "p_arp_speed": 0.16725316781601007,
  "p_duty": 0.030921660145826646,
  "p_duty_ramp": -0.05258153759379487,
  "p_repeat_speed": 0.4496443130397041,
  "p_pha_offset": 0.15510971516811842,
  "p_pha_ramp": 0.0012044138584314545,
  "p_lpf_freq": 0.6181873422293408,
  "p_lpf_ramp": -0.6670081291610543,
  "p_lpf_resonance": 0.673901929500726,
  "p_hpf_freq": 3.3580908766902385e-7,
  "p_hpf_ramp": -0.004597391304859706,
  "sound_vol": 0.25,
  "sample_rate": 44100,
  "sample_size": 8
}