{
  "oldParams": true,
  "wave_type": 3,
  "p_env_attack": -0.05053933251967293,
  "p_env_sustain": 0.32768175040295566,
  "p_env_punch": 0.06019761299708021,
  "p_env_decay": 0.8005934949649491,
  "p_base_freq": 0.7784009960790923,
  "p_freq_limit": 0,
  "p_freq_ramp": 0.0005644910374387362,
  "p_freq_dramp": -0.05170503169781546,
  "p_vib_strength": 0.6055756909448001,
  "p_vib_speed": 0.05424905694477644,
  "p_arp_mod": 0.8922674602958831,
  "p_arp_speed": -0.7864452222409071,
  "p_duty": 0.6463608209536504,
  "p_duty_ramp": -0.010600651518738813,
  "p_repeat_speed": -0.8500890246899315,
  "p_pha_offset": 0.00023181049228359902,
  "p_pha_ramp": 0.01712158544259196,
  "p_lpf_freq": 0.5292727046084277,
  "p_lpf_ramp": -0.2614787430572144,
  "p_lpf_resonance": 0.8941667923308909,
  "p_hpf_freq": 0.007719702346879137,
  "p_hpf_ramp": 0.00000472214019208221,
  "sound_vol": 0.25,
  "sample_rate": 44100,
  "sample_size": 8
}