{
  "oldParams": true,
  "wave_type": 0,
  "p_env_attack": 0.000004364185570900451,
  "p_env_sustain": 0.7082169502403124,
  "p_env_punch": 0.5710384667115347,
  "p_env_decay": 0.16740581497124285,
  "p_base_freq": -0.25107763066276234,
  "p_freq_limit": 0,
  "p_freq_ramp": 0.005400849409991456,
  "p_freq_dramp": 0.022418333621665912,
  "p_vib_strength": -0.8954112620833072,
  "p_vib_speed": -0.629233320614448,
  "p_arp_mod": 0.16025853911662225,
  "p_arp_speed": -0.691785961954797,
  "p_duty": -0.7675599857681887,
  "p_duty_ramp": -0.9695591323151673,
  "p_repeat_speed": 0.46810497905284265,
  "p_pha_offset": 0.6367790979810207,
  "p_pha_ramp": 0.14987957657508086,
  "p_lpf_freq": 0.9217839545850149,
  "p_lpf_ramp": -0.7798358449597523,
  "p_lpf_resonance": -0.3734388299451181,
  "p_hpf_freq": 0.000005705991153152469,
  "p_hpf_ramp": -0.11642800907876263,
  "sound_vol": 0.25,
  "sample_rate": 44100,
  "sample_size": 8
}